# Definir los parámetros de CC
bsp = 0.188302323047958
bsy = 0.062145636355377
asEy = 0.214734726815082
asy = 0.655161995265495
asr = 0.093233140456756
rho_z = 0.595656014299552
cY_s = 0.583197596953437

m_res_Dps = 4.182109491129480
m_res_iext = 0.024318047237588
m_res_ys = 0.097401466246219
m_res_DYs_eq = 0.489475226686358
m_res_ieqs = 0.360876892565433
m_res_z = 0.468112598192272

bm = 0.066359005337835
bsae = 0.253277196956146
by = 0.171781510948083
bs = 0.444866367640806
cmm = 0.360375288644044
cmq = 0.271569711008393
cp = 0.201950169067339
rho_Ds = 0.164682768669593
rho_x = 0.847169857626519
rho_DQ = 0.900184825087890
rho_ED4p = 0.538818713030007
rho_ED4s = 0.963135772521623
rho_t = 0.392347782038943
rho_g = 0.401242125926654
rho_EDy = 0.701882365547406
rho_zmn = 0.549427056938853
rho_zme = 0.533228768354090
cY_mn = 0.514091446260301
cY_me = 0.507091037095773
cR_mn = 0.441696356248996
cR_me = 0.461901743633423
rho_Dpae = 0.426603554778335
aEy = 0.127734531720074
armc = 0.160168423405983
at = 0.005004122466984
ag = 0.115199579308597
atau0 = 0.112431015867339
aq0 = 0.088365810107094
ays = 0.055086796896562
ay0 = 0.667276969674064
atau = 0.020466190200662
aq = 0.023235205518418
ay = 0.539542437953990
m_res_DY_eq = 0.177376679207200
m_res_ieq = 0.062889203493331
m_res_zmn = 0.726140975879914
m_res_zme = 0.963727800922895
m_res_Dpsae = 0.725239094894884
m_res_Dpae = 15.961855091939048
m_res_ED4p = 0.026503102269194
m_res_Dpm = 21.913231011017682
m_res_i = 0.104854420508029
m_res_imn = 0.026922544787832
m_res_ime = 0.857744822300938
m_res_Ds = 77.208279841327350
m_res_ED4s = 0.702921365031934
m_res_x = 0.005283408361985
m_res_DQ_eq = 1.937165300931713
m_res_y = 0.900311478235481
m_res_EDy = 0.526962548369606
m_res_Dpms = 118.2051796347999


rho_DY_eq = 0.99
cy = 0.0
csae = 0.56397
csae = 0.56397
fi = 0.70
fp = 1.50
fy = 0.50
cfy = 0.50
crmn = 0.60
crme = 1 - crmn
cpms = 0.2
fsi = 0.70
fsp = 1.5
fsy = 0.5
rho_ieq = 0.95
rho_ieqs = 0.95
rho_DYs_eq = 0.99
rho_DTI  = 0
atauc = 1 - 2/(2 + 1); ataul = 1 - 2/(8 + 1)

# Estados estacionarios
DY_ss = 5.3
DYs_ss = 2.1
Dp_ss = 2.0
Dps_ss = 2.0
i_ss  = 4.0
iext_ss = 3.0
Rs_ss  = 1.0
Ds_ss = 0.0
x_ss = i_ss - (iext_ss + Ds_ss)
Rmn_ss = 2.0
Rme_ss = 1.0

# Otros
cFL = 1
cpsae = 0.8845
chb =0

    
# Definir los valores de Y
DY      = 5.3
DY_eq   = 5.3
DYs     = 2.1
DYs_eq  = 2.1
Dpae    = 2
Dp      = 2
D4p     = 2
Dpsae   = 2
D4psae  = 2
ED4p    = 2
D4pdev  = 0
Dpm     = 2
D4pm    = 2
Meta    = 2
i       = 4
ieq     = 4
imn     = 4
Rmn     = 2
Rmn_eq  = 2
zmn     = 2
rmn     = 0
ime     = 3
Rme     = 1
Rme_eq  = 1
zme     = 1
rme     = 0
Ds      = 0
D4s     = 0
ED4s    = 0
x       = 1
x_eq    = 1
DQ      = 0
q       = 0
DQ_eq   = 0
y       = 0
EDy     = 0
rmc     = 0
t       = 0
g       = 0
DTI     = 0
tau     = 0
Dps     = 2
D4ps    = 2
Dpms    = 2
iext      = 3
rs      = 0
ys      = 0
ieqs    = 3
Rs      = 1
Rs_eq   = 1
z       = 1